iter	Passed	Remaining
0	98	185063
1	185	174525
2	285	179364
3	374	176086
4	457	172042
5	483	151281
6	518	139005
7	569	133594
8	646	134715
9	753	141192
10	835	142397
11	916	143112
12	1020	146968
13	1108	148209
14	1215	151576
15	1304	152399
16	1385	152250
17	1466	152127
18	1548	152033
19	1620	151117
20	1698	150733
21	1735	146949
22	1825	147822
23	1854	143782
24	1947	144905
25	2037	145660
26	2122	146037
27	2201	145977
28	2213	141694
29	2235	138245
30	2342	140077
31	2428	140619
32	2509	140837
33	2587	140867
34	2678	141574
35	2775	142564
36	2882	143973
37	2971	144436
38	3074	145519
39	3159	145719
40	3246	146034
41	3335	146380
42	3422	146600
43	3459	144744
44	3554	145358
45	3643	145663
46	3753	146769
47	3844	147135
48	3931	147310
49	4023	147644
50	4105	147623
51	4198	148014
52	4285	148116
53	4386	148722
54	4420	147092
55	4509	147277
56	4603	147625
57	4700	148065
58	4805	148713
59	4887	148658
60	4976	148796
61	5057	148693
62	5158	149187
63	5249	149352
64	5337	149463
65	5423	149467
66	5504	149355
67	5591	149401
68	5674	149348
69	5775	149754
70	5863	149811
71	5939	149559
72	6037	149853
73	6120	149797
74	6228	150321
75	6309	150176
76	6403	150356
77	6491	150380
78	6589	150635
79	6686	150872
80	6778	150970
81	6859	150828
82	6935	150575
83	7009	150282
84	7089	150137
85	7177	150136
86	7249	149827
87	7337	149840
88	7415	149647
89	7496	149512
90	7579	149431
91	7660	149290
92	7751	149358
93	7847	149520
94	7929	149407
95	8015	149375
96	8095	149218
97	8173	149033
98	8262	149063
99	8336	148801
100	8423	148791
101	8503	148645
102	8587	148580
103	8676	148592
104	8766	148613
105	8863	148755
106	8951	148752
107	9041	148765
108	9120	148612
109	9197	148413
110	9290	148473
111	9376	148426
112	9456	148297
113	9531	148066
114	9607	147873
115	9686	147718
116	9777	147749
117	9861	147677
118	9935	147450
119	10013	147281
120	10109	147382
121	10196	147345
122	10284	147320
123	10371	147289
124	10460	147282
125	10541	147167
126	10641	147300
127	10757	147658
128	10836	147510
129	10945	147758
130	11058	148071
131	11154	148135
132	11240	148072
133	11323	147966
134	11410	147908
135	11485	147709
136	11595	147954
137	11686	147945
138	11766	147799
139	11857	147798
140	11951	147825
141	12047	147880
142	12137	147853
143	12213	147660
144	12293	147518
145	12404	147753
146	12487	147644
147	12583	147685
148	12669	147618
149	12754	147527
150	12838	147433
151	12935	147480
152	13012	147305
153	13095	147201
154	13211	147457
155	13287	147268
156	13396	147452
157	13491	147463
158	13588	147512
159	13671	147393
160	13754	147283
161	13789	146658
162	13872	146559
163	13989	146802
164	14078	146755
165	14170	146744
166	14254	146642
167	14337	146533
168	14434	146564
169	14521	146500
170	14618	146527
171	14707	146476
172	14792	146381
173	14917	146689
174	15004	146616
175	15101	146640
176	15183	146513
177	15265	146390
178	15354	146341
179	15476	146595
180	15561	146505
181	15667	146599
182	15754	146523
183	15872	146737
184	15977	146819
185	16087	146948
186	16182	146943
187	16272	146883
188	16392	147100
189	16489	147099
190	16578	147036
191	16664	146943
192	16769	147013
193	16866	147019
194	16957	146966
195	17046	146894
196	17134	146813
197	17232	146821
198	17323	146773
199	17402	146612
200	17489	146527
201	17566	146355
202	17650	146246
203	17745	146223
204	17836	146168
205	17924	146094
206	18017	146053
207	18099	145927
208	18199	145947
209	18282	145823
210	18367	145720
211	18453	145626
212	18541	145544
213	18622	145415
214	18704	145289
215	18793	145211
216	18883	145149
217	18996	145263
218	19086	145200
219	19170	145084
220	19266	145064
221	19383	145201
222	19460	145035
223	19539	144891
224	19634	144856
225	19714	144716
226	19799	144615
227	19897	144609
228	19986	144529
229	20066	144394
230	20147	144256
231	20227	144124
232	20323	144093
233	20422	144091
234	20509	144000
235	20606	143984
236	20702	143954
237	20780	143806
238	20864	143691
239	20969	143727
240	21049	143592
241	21132	143474
242	21212	143338
243	21292	143200
244	21389	143181
245	21463	143000
246	21544	142874
247	21630	142780
248	21706	142615
249	21793	142529
250	21864	142336
251	21949	142236
252	22047	142220
253	22131	142108
254	22221	142043
255	22322	142045
256	22403	141919
257	22494	141856
258	22577	141742
259	22660	141630
260	22743	141512
261	22828	141412
262	22925	141390
263	23019	141345
264	23107	141258
265	23190	141150
266	23281	141086
267	23306	140619
268	23388	140502
269	23483	140466
270	23568	140369
271	23650	140252
272	23726	140096
273	23812	140004
274	23919	140035
275	24010	139975
276	24053	139632
277	24142	139558
278	24236	139510
279	24330	139465
280	24464	139648
281	24595	139810
282	24683	139727
283	24762	139595
284	24856	139545
285	24947	139477
286	25023	139326
287	25106	139218
288	25194	139135
289	25271	138995
290	25379	139017
291	25476	138988
292	25564	138904
293	25652	138818
294	25747	138775
295	25843	138736
296	25926	138626
297	26009	138513
298	26082	138350
299	26172	138280
300	26252	138155
301	26330	138019
302	26448	138088
