iter	Logloss
0	0.6271942016
1	0.569062424
2	0.5164217912
3	0.4785028848
4	0.4428582959
5	0.4154273116
6	0.3885502482
7	0.3695264155
8	0.3541400653
9	0.3400207256
10	0.3272688247
11	0.3131790435
12	0.3041706992
13	0.2947740084
14	0.2881566648
15	0.2823819883
16	0.2760213772
17	0.2717471272
18	0.2670943338
19	0.265067329
20	0.2610222959
21	0.2587226962
22	0.2574923077
23	0.2556652747
24	0.2535156498
25	0.2514688048
26	0.2493818606
27	0.2483606771
28	0.2465997516
29	0.2459845102
30	0.2452198587
31	0.2440685882
32	0.2435521355
33	0.2425266641
34	0.2418694702
35	0.2414664611
36	0.2410793575
37	0.2403392868
38	0.2397156165
39	0.2391353945
40	0.2388474551
41	0.23866064
42	0.2383951944
43	0.2377502182
44	0.2371771163
45	0.2367894999
46	0.2365247434
47	0.2361788846
48	0.2357590685
49	0.2353628826
50	0.2351528132
51	0.2348279545
52	0.2344502786
53	0.2340907329
54	0.2337574098
55	0.2335559812
56	0.2334561633
57	0.2333530877
58	0.2330533547
59	0.2327092342
60	0.2325695572
61	0.2324535486
62	0.2321130667
63	0.2319428973
64	0.2317861313
65	0.2315693194
66	0.2312700923
67	0.2310608638
68	0.2309336393
69	0.2306666575
70	0.230378804
71	0.2300853203
72	0.2299793609
73	0.2298697957
